(122.00,378.00) (122.00,415.21) (122.00,452.43) (122.00,489.64) (122.00,526.86) (122.00,564.07) (122.00,601.29) (122.00,638.50) (122.00,675.71) (122.00,712.93) (122.00,750.14) (122.00,787.36) (122.00,824.57) (122.00,861.79) (122.00,899.00) 
(159.93,378.00) (159.93,415.21) (159.93,452.43) (159.93,489.64) (159.93,526.86) (159.93,564.07) (159.93,601.29) (159.93,638.50) (159.93,675.71) (159.93,712.93) (159.93,750.14) (159.93,787.36) (159.93,824.57) (159.93,861.79) (159.93,899.00) 
(197.86,378.00) (197.86,415.21) (197.86,452.43) (197.86,489.64) (197.86,526.86) (197.86,564.07) (197.86,601.29) (197.86,638.50) (197.86,675.71) (197.86,712.93) (197.86,750.14) (197.86,787.36) (197.86,824.57) (197.86,861.79) (197.86,899.00) 
(235.79,378.00) (235.79,415.21) (235.79,452.43) (235.79,489.64) (235.79,526.86) (235.79,564.07) (235.79,601.29) (235.79,638.50) (235.79,675.71) (235.79,712.93) (235.79,750.14) (235.79,787.36) (235.79,824.57) (235.79,861.79) (235.79,899.00) 
(273.71,378.00) (273.71,415.21) (273.71,452.43) (273.71,489.64) (273.71,526.86) (273.71,564.07) (273.71,601.29) (273.71,638.50) (273.71,675.71) (273.71,712.93) (273.71,750.14) (273.71,787.36) (273.71,824.57) (273.71,861.79) (273.71,899.00) 
(311.64,378.00) (311.64,415.21) (311.64,452.43) (311.64,489.64) (311.64,526.86) (311.64,564.07) (311.64,601.29) (311.64,638.50) (311.64,675.71) (311.64,712.93) (311.64,750.14) (311.64,787.36) (311.64,824.57) (311.64,861.79) (311.64,899.00) 
(349.57,378.00) (349.57,415.21) (349.57,452.43) (349.57,489.64) (349.57,526.86) (349.57,564.07) (349.57,601.29) (349.57,638.50) (349.57,675.71) (349.57,712.93) (349.57,750.14) (349.57,787.36) (349.57,824.57) (349.57,861.79) (349.57,899.00) 
(387.50,378.00) (387.50,415.21) (387.50,452.43) (387.50,489.64) (387.50,526.86) (387.50,564.07) (387.50,601.29) (387.50,638.50) (387.50,675.71) (387.50,712.93) (387.50,750.14) (387.50,787.36) (387.50,824.57) (387.50,861.79) (387.50,899.00) 
(425.43,378.00) (425.43,415.21) (425.43,452.43) (425.43,489.64) (425.43,526.86) (425.43,564.07) (425.43,601.29) (425.43,638.50) (425.43,675.71) (425.43,712.93) (425.43,750.14) (425.43,787.36) (425.43,824.57) (425.43,861.79) (425.43,899.00) 
(463.36,378.00) (463.36,415.21) (463.36,452.43) (463.36,489.64) (463.36,526.86) (463.36,564.07) (463.36,601.29) (463.36,638.50) (463.36,675.71) (463.36,712.93) (463.36,750.14) (463.36,787.36) (463.36,824.57) (463.36,861.79) (463.36,899.00) 
(501.29,378.00) (501.29,415.21) (501.29,452.43) (501.29,489.64) (501.29,526.86) (501.29,564.07) (501.29,601.29) (501.29,638.50) (501.29,675.71) (501.29,712.93) (501.29,750.14) (501.29,787.36) (501.29,824.57) (501.29,861.79) (501.29,899.00) 
(539.21,378.00) (539.21,415.21) (539.21,452.43) (539.21,489.64) (539.21,526.86) (539.21,564.07) (539.21,601.29) (539.21,638.50) (539.21,675.71) (539.21,712.93) (539.21,750.14) (539.21,787.36) (539.21,824.57) (539.21,861.79) (539.21,899.00) 
(577.14,378.00) (577.14,415.21) (577.14,452.43) (577.14,489.64) (577.14,526.86) (577.14,564.07) (577.14,601.29) (577.14,638.50) (577.14,675.71) (577.14,712.93) (577.14,750.14) (577.14,787.36) (577.14,824.57) (577.14,861.79) (577.14,899.00) 
(615.07,378.00) (615.07,415.21) (615.07,452.43) (615.07,489.64) (615.07,526.86) (615.07,564.07) (615.07,601.29) (615.07,638.50) (615.07,675.71) (615.07,712.93) (615.07,750.14) (615.07,787.36) (615.07,824.57) (615.07,861.79) (615.07,899.00) 
(653.00,378.00) (653.00,415.21) (653.00,452.43) (653.00,489.64) (653.00,526.86) (653.00,564.07) (653.00,601.29) (653.00,638.50) (653.00,675.71) (653.00,712.93) (653.00,750.14) (653.00,787.36) (653.00,824.57) (653.00,861.79) (653.00,899.00) 
